# Created by Octave 3.8.1, Thu May 21 18:37:23 2015 CEST <alice@lipocestlautre>
# name: a
# type: matrix
# ndims: 3
 1 1 751
 0.3224202690754225
 0.3182826063067585
 0.3139761107375294
 0.3094967261046606
 0.3048402977209394
 0.3000025752674568
 0.294979216421508
 0.2897657914368877
 0.2843577888101648
 0.2787506221865377
 0.2729396386832503
 0.2669201288387653
 0.260687338434009
 0.254236482480981
 0.2475627617381858
 0.2406613821980187
 0.233527578107913
 0.2261566392490146
 0.2185439434253514
 0.2106849954472131
 0.2025754743791076
 0.1942112915534297
 0.1855886629716248
 0.1767042014723036
 0.1675550368700756
 0.1581389769290486
 0.1484547299532269
 0.1385022236793492
 0.1282830804913954
 0.1178013571288379
 0.1070647531368942
 0.09608669508714103
 0.08489016062448866
 0.07351521896958062
 0.06203522886243155
 0.05059539019847138
 0.03951601986743955
 0.02959967025846272
 0.02295647078359994
 0.02318440769832636
 0.03051480125539599
 0.04160810776973386
 0.05441289320406835
 0.06813375788680508
 0.08244568847821597
 0.09719435522908033
 0.112294530767867
 0.1276920553276296
 0.1433478571146877
 0.1592305440780283
 0.1753126883203742
 0.1915688477969451
 0.2079744694562882
 0.2245052702017744
 0.2411368927809418
 0.2578447287389362
 0.2746038480726331
 0.2913890000712425
 0.3081746633300159
 0.3249351304916638
 0.3416446176253445
 0.3582773907212906
 0.3748079033361186
 0.3912109404066341
 0.40746176391148
 0.4235362565497085
 0.4394110600119496
 0.4550637047950988
 0.470472728883721
 0.4856177830037845
 0.5004797205497883
 0.5150406706911992
 0.5292840935701076
 0.5431948168988473
 0.5567590536422885
 0.5699644008131626
 0.5827998197095873
 0.5952555981725394
 0.6073232956300298
 0.6189956718185119
 0.6302666001266062
 0.6411309664890125
 0.6515845546679987
 0.6616239185946641
 0.6712462422009717
 0.6804491868531926
 0.6892307260933876
 0.6975889668995702
 0.7055219560749123
 0.7130274696533547
 0.720102782337087
 0.7267444129242832
 0.7329478403936415
 0.7387071837188993
 0.7440148365021277
 0.7488610450199378
 0.7532334151131096
 0.7571163293067057
 0.7604902503447701
 0.7633308805909422
 0.7656081379956129
 0.7672848979230502
 0.7683154352439252
 0.7686434816897071
 0.7681997882754886
 0.7668990502138678
 0.7646360108367068
 0.7612805109880507
 0.7566711926544063
 0.7506075070117821
 0.7428396361880248
 0.7330559589187277
 0.7208678700343736
 0.7057923073952419
 0.6872336666355434
 0.6644697247647223
 0.6366523361054579
 0.6028458935339226
 0.5621497305240647
 0.5139920550788575
 0.4587509821677295
 0.3989494093066315
 0.341266751022351
 0.298637739000751
 0.2871607352706074
 0.3115559987727277
 0.3580942682521646
 0.4086145365163552
 0.4505665197208076
 0.4773976707671944
 0.4881328054642542
 0.490629516357759
 0.5056320134421075
 0.5531378965670324
 0.6249975862750651
 0.6965380410193683
 0.7542452883374381
 0.7970746503933371
 0.8283023445502362
 0.8513236543768338
 0.8686619059409841
 0.8820298715450465
 0.8925679798598993
 0.9010416006978431
 0.9079739792876581
 0.9137307793726113
 0.9185732926111025
 0.9226922154068979
 0.9262294491452191
 0.9292924506979875
 0.9319638739519643
 0.9343081778724958
 0.9363762412469242
 0.9382086413624477
 0.9398380196028164
 0.9412908110731204
 0.9425885228118508
 0.943748685269018
 0.944785562164511
 0.9457106770649122
 0.9465331963371773
 0.9472601945356828
 0.9478968177156057
 0.9484463511413053
 0.9489101891096192
 0.9492876948515291
 0.949575926136354
 0.9497691850451618
 0.9498583249319449
 0.9498297081634451
 0.9496636451903568
 0.9493320421795052
 0.9487948115139985
 0.9479943050391682
 0.9468465227640399
 0.9452269757300228
 0.9429476126237327
 0.9397189686693902
 0.9350893046679284
 0.9283552506195857
 0.9184722140760039
 0.9041587195004873
 0.8849471697367718
 0.8646318927152606
 0.854517892131068
 0.8632752629357608
 0.8833660872670925
 0.9031106829661049
 0.9181365122272171
 0.9286943344140023
 0.9360326248442473
 0.9412104632620294
 0.9449505600597925
 0.9477201269015539
 0.9498199548086302
 0.9514464290136417
 0.9527304279924257
 0.9537611356964986
 0.954600670777785
 0.9552932069301334
 0.9558707676005676
 0.9563569829223603
 0.9567695748784862
 0.9571220332151007
 0.9574247663911254
 0.9576859055877399
 0.9579118753439829
 0.9581078045767217
 0.9582778267159933
 0.9584253016771821
 0.9585529819793704
 0.958663138439823
 0.9587576562611362
 0.9588381091898702
 0.9589058172629703
 0.9589618921491604
 0.9590072730268284
 0.9590427551790689
 0.9590690129375378
 0.95908661820673
 0.9590960555060328
 0.9590977342485456
 0.9590919988122414
 0.9590791368357923
 0.9590593860776845
 0.9590329401055385
 0.9589999530272608
 0.9589605434327738
 0.9589147976815723
 0.9588627726450724
 0.958804497991928
 0.9587399780880047
 0.9586691935695167
 0.9585921026372632
 0.9585086421113673
 0.9584187282790209
 0.9583222575620916
 0.9582191070268694
 0.9581091347544303
 0.9579921800869811
 0.9578680637629737
 0.9577365879516087
 0.9575975361955643
 0.9574506732692749
 0.9572957449588149
 0.9571324777683597
 0.9569605785572973
 0.9567797341112805
 0.9565896106498382
 0.9563898532726044
 0.9561800853457229
 0.955959907829568
 0.9557288985485483
 0.9554866114034474
 0.9552325755264799
 0.9549662943789957
 0.9546872447915765
 0.9543948759460743
 0.9540886082990052
 0.9537678324455926
 0.9534319079236437
 0.9530801619563714
 0.9527118881332277
 0.9523263450277798
 0.951922754751644
 0.951500301443531
 0.9510581296924775
 0.9505953428944204
 0.9501110015413693
 0.9496041214425549
 0.9490736718771047
 0.9485185736779858
 0.9479376972472102
 0.9473298605025734
 0.9466938267565197
 0.946028302528147
 0.9453319352897596
 0.9446033111499259
 0.9438409524755355
 0.943043315456031
 0.9422087876136865
 0.9413356852646417
 0.9404222509362988
 0.9394666507477082
 0.9384669717606784
 0.9374212193105916
 0.9363273143272568
 0.9351830906576371
 0.9339862924039005
 0.9327345712920357
 0.9314254840881951
 0.9300564900820072
 0.9286249486583618
 0.9271281169815679
 0.9255631478183658
 0.9239270875290233
 0.9222168742586327
 0.9204293363637893
 0.9185611911130197
 0.9166090437026535
 0.9145693866332537
 0.9124385994952173
 0.9102129492157109
 0.9078885908226508
 0.9054615687849215
 0.9029278189914334
 0.9002831714348203
 0.8975233536685331
 0.8946439951086826
 0.8916406322541431
 0.8885087149000004
 0.885243613420302
 0.8818406271961174
 0.8782949942639776
 0.8746019022576542
 0.8707565007128537
 0.8667539147995065
 0.8625892605397975
 0.858257661561716
 0.8537542674275757
 0.8490742735644765
 0.8442129428089992
 0.8391656285613562
 0.8339277995248339
 0.8284950659845338
 0.8228632075553021
 0.8170282023023886
 0.8109862571100496
 0.8047338391432488
 0.7982677082162073
 0.7915849498493122
 0.7846830087633395
 0.7775597225277592
 0.7702133550488771
 0.7626426295544776
 0.7548467607054618
 0.7468254854425845
 0.7385790921588152
 0.7301084477759947
 0.7214150222992145
 0.7125009104245685
 0.703368849786295
 0.6940222354482998
 0.6844651302730179
 0.6747022708376368
 0.6647390686135157
 0.6545816061789764
 0.6442366282975052
 0.6337115277619488
 0.6230143259790396
 0.6121536483461091
 0.6011386945512943
 0.5899792040081339
 0.5786854167130583
 0.5672680298881125
 0.5557381508392027
 0.544107246520635
 0.5323870903479978
 0.5205897068422959
 0.5087273147177602
 0.4968122690430531
 0.4848570031107803
 0.4728739706430055
 0.4608755889417141
 0.4488741835633152
 0.4368819350568054
 0.424910828257167
 0.4129726045706202
 0.4010787176282439
 0.3892402926206592
 0.3774680895610129
 0.3657724706576731
 0.3541633719137725
 0.3426502790090502
 0.3312422074619448
 0.3199476870171802
 0.3087747501574433
 0.2977309245974514
 0.2868232295853742
 0.2760581758105069
 0.2654417686973341
 0.2549795148549679
 0.2446764314471127
 0.2345370582516816
 0.2245654721906906
 0.2147653041307998
 0.2051397577832196
 0.1956916305699316
 0.1864233363729721
 0.1773369301475602
 0.168434134462395
 0.1597163681374491
 0.151184777290455
 0.1428402692914843
