# Created by Octave 3.8.1, Thu May 21 18:37:41 2015 CEST <alice@lipocestlautre>
# name: a
# type: matrix
# ndims: 3
 1 1 751
 0.3284970671720527
 0.3243942681552162
 0.3201231017993458
 0.3156795155006299
 0.3110593570842787
 0.306258377455822
 0.301272234066897
 0.2960964953080851
 0.2907266459567547
 0.285158093826207
 0.2793861777845293
 0.2734061773386603
 0.2672133240129765
 0.2608028147946588
 0.2541698279737301
 0.2473095417791082
 0.2402171563109887
 0.2328879194057724
 0.2253171572600959
 0.2175003109123035
 0.2094329800753708
 0.2011109764028886
 0.1925303891603696
 0.18368766765366
 0.1745797269527988
 0.165204087003458
 0.1555590611554946
 0.145644020367277
 0.1354597775858761
 0.1250091706309506
 0.1142979875120673
 0.1033365120674096
 0.09214225826193735
 0.08074513704437235
 0.06919800595136101
 0.05760029461504295
 0.04615704949959268
 0.03534511421138718
 0.0264089553340805
 0.02232455562485512
 0.02599319707314009
 0.03539237816935956
 0.04745968670206076
 0.06080844910955291
 0.07490165216759831
 0.08950498174364055
 0.1044991613888053
 0.11981386387001
 0.1354016305180404
 0.1512264009081461
 0.1672579975295684
 0.183469282441252
 0.199834615230476
 0.2163289912098222
 0.2329275581663168
 0.2496053560228604
 0.2663371946712673
 0.2830976214336176
 0.2998609488872516
 0.316601324426235
 0.3332928289801556
 0.3499095958440125
 0.3664259426957603
 0.3828165112010403
 0.399056409475116
 0.4151213532922667
 0.4309878024220594
 0.4466330888998293
 0.4620355344445766
 0.4771745546412172
 0.4920307479127998
 0.5065859677209638
 0.5208233768430472
 0.5347274829725965
 0.5482841552655596
 0.5614806217960381
 0.5743054481827842
 0.5867484978911701
 0.5988008748976844
 0.6104548495190956
 0.6217037682518473
 0.6325419484359682
 0.6429645584494171
 0.6529674839511607
 0.6625471804217969
 0.6717005118947031
 0.6804245753221482
 0.6887165094689875
 0.6965732865561918
 0.7039914840654455
 0.7109670331334939
 0.7174949387684425
 0.7235689656525577
 0.7291812814806105
 0.7343220475174641
 0.738978943208252
 0.7431366080607917
 0.7467759794077109
 0.7498734987369077
 0.7524001516509918
 0.7543202966591469
 0.7555902252559732
 0.7561563792793601
 0.7559531303881889
 0.7548999996010451
 0.7528981612530689
 0.7498260351568073
 0.7455337246600175
 0.7398360123223706
 0.7325035938723139
 0.7232522489212413
 0.7117297866769807
 0.6975010176791641
 0.6800319916256662
 0.6586768990872286
 0.6326754834928638
 0.6011775918497066
 0.5633281307661938
 0.5184758345456164
 0.4666209898629222
 0.4092980455918519
 0.3511667865871307
 0.3022681775388998
 0.2781860717283644
 0.2901613015787516
 0.3314759254079636
 0.3845709088670372
 0.4348128883085147
 0.4734345378672589
 0.4960838509869628
 0.5027821278239166
 0.5016960626781635
 0.5136148788145877
 0.5586945894810217
 0.628915692033195
 0.6994065035554274
 0.7563983564169224
 0.7987052521872152
 0.8295373693134525
 0.8522550177414548
 0.8693592169335623
 0.8825467653327853
 0.8929460831873216
 0.9013133595017566
 0.9081647784674053
 0.9138605538083769
 0.9186577525985486
 0.9227437755371477
 0.9262579280081967
 0.9293055922989245
 0.9319677284327795
 0.9343073681881571
 0.9363741331938246
 0.9382074260918919
 0.9398387096887784
 0.941293142382466
 0.9425907435744468
 0.943747199014846
 0.9447743697042175
 0.9456805297265827
 0.9464703202516135
 0.9471443599893661
 0.9476983837465768
 0.9481216689213666
 0.9483943166334726
 0.9484826124150606
 0.948331093549024
 0.9478489892902006
 0.9468876366267664
 0.9452069560339365
 0.9424474895384946
 0.9382192990877316
 0.9327176476499058
 0.9282665641478879
 0.928848596629502
 0.9342906635968126
 0.9405390829830019
 0.9454128191276817
 0.9488076210393399
 0.9511447039679617
 0.9527926562084983
 0.9539949540728933
 0.9549028869605878
 0.9556103963742912
 0.9561769734287076
 0.9566412954341676
 0.9570292104769001
 0.9573584609308894
 0.9576415351220117
 0.9578874301050004
 0.9581027679334858
 0.9582925192324121
 0.9584604826884108
 0.9586096094136128
 0.9587422266142231
 0.9588601945876351
 0.9589650187509581
 0.9590579308114294
 0.9591399484184381
 0.9592119195834523
 0.9592745561656126
 0.9593284594045242
 0.9593741395971159
 0.9594120314122885
 0.9594425059202407
 0.9594658801216995
 0.9594824245556741
 0.959492369416424
 0.9594959095032372
 0.9594932082483287
 0.9594844010103931
 0.959469597778304
 0.9594488853971547
 0.9594223294043338
 0.9593899755446746
 0.9593518510193453
 0.9593079655120257
 0.9592583120272435
 0.9592028675689482
 0.95914159368201
 0.9590744368750527
 0.9590013289396391
 0.9589221871780355
 0.9588369145495858
 0.9587453997439044
 0.9586475171876014
 0.9585431269900501
 0.9584320748326787
 0.9583141918054237
 0.9581892941932886
 0.9580571832153342
 0.9579176447179384
 0.957770448823716
 0.9576153495371231
 0.9574520843074512
 0.9572803735496271
 0.9570999201229985
 0.9569104087680601
 0.956711505500892
 0.9565028569649006
 0.9562840897393112
 0.956054809603713
 0.9558146007578425
 0.9555630249956766
 0.9552996208328056
 0.9550239025859716
 0.9547353594035767
 0.9544334542458917
 0.9541176228136505
 0.9537872724236479
 0.9534417808299379
 0.9530804949891896
 0.9527027297687504
 0.9523077665959607
 0.951894852047281
 0.9514631963758104
 0.9510119719758392
 0.950540311783123
 0.9500473076096688
 0.9495320084119291
 0.9489934184914325
 0.9484304956270565
 0.9478421491383417
 0.9472272378794874
 0.9465845681639407
 0.9459128916198233
 0.9452109029768048
 0.9444772377854546
 0.9437104700706048
 0.9429091099207901
 0.9420716010164719
 0.9411963181004406
 0.9402815643945928
 0.9393255689681448
 0.9383264840633369
 0.9372823823857636
 0.9361912543676714
 0.9350510054138986
 0.9338594531415786
 0.9326143246263504
 0.9313132536695504
 0.9299537781027738
 0.928533337148263
 0.9270492688558049
 0.9254988076392456
 0.9238790819382884
 0.9221871120340223
 0.9204198080495507
 0.9185739681701919
 0.9166462771209893
 0.9146333049426775
 0.9125315061107977
 0.9103372190463024
 0.9080466660697035
 0.9056559538546062
 0.9031610744402038
 0.9005579068660077
 0.8978422194956657
 0.8950096731000472
 0.8920558247728751
 0.888976132754812
 0.8857659622440808
 0.8824205922732146
 0.878935223732255
 0.8753049886185182
 0.8715249605917581
 0.8675901669109818
 0.8634956018251457
 0.8592362414843084
 0.8548070604303192
 0.8502030497166495
 0.8454192366953018
 0.8404507064947488
 0.8352926251964361
 0.8299402646984302
 0.8243890292332213
 0.818634483482638
 0.8126723822062286
 0.806498701270554
 0.8001096699358791
 0.793501804223985
 0.786671941156868
 0.7796172736212269
 0.7723353855788764
 0.7648242873089546
 0.7570824503351631
 0.7491088416610486
 0.7409029569096131
 0.7324648519413108
 0.7237951725078203
 0.7148951814889019
 0.7057667832571302
 0.6964125447211194
 0.686835712612803
 0.6770402266088095
 0.6670307279102933
 0.6568125629496725
 0.6463917819462897
 0.6357751320954182
 0.6249700452452468
 0.6139846199933243
 0.6028275982157927
 0.5915083361277743
 0.5800367700595178
 0.5684233772183107
 0.5566791317883251
 0.5448154567976161
 0.5328441722511462
 0.5207774400892885
 0.5086277065810927
 0.4964076427994505
 0.4841300838502604
 0.4718079675393801
 0.4594542731593585
 0.4470819610631672
 0.4347039136650599
 0.4223328784704199
 0.4099814136884271
 0.3976618369251618
 0.3853861773923857
 0.3731661320002627
 0.3610130256331468
 0.3489377758377414
 0.3369508620846786
 0.3250622996992586
 0.313281618496724
 0.3016178461031105
 0.2900794958958865
 0.2786745594605476
 0.2674105034309054
 0.2562942705634762
 0.2453322848910791
 0.2345304608093536
 0.223894215974142
 0.2134284879308378
 0.2031377544626147
 0.1930260577395318
 0.1830970324835824
 0.173353938549636
 0.1637996985792793
 0.1544369417447428
 0.1452680551112034
 0.1362952448813489
 0.1275206108632762
 0.118946239108022
 0.1105743201016927
 0.1024073036765231
 0.09444810778730243
 0.08670040798011448
 0.07916905041266908
 0.07186065848127145
 0.06478455036672619
 0.05795416882770192
 0.0513893767345391
